66
64
21
25
63
53
30
15
10
39
37
85
56
78
79
79
32
34
99
1
24
15
5
35
80
93
72
75
54
73
68
80
50
22
91
9
26
86
58
38
38
39
17
20
47
53
32
91
13
43
71
59
59
96
89
53
48
68
79
36
81
96
23
90
19
11
15
81
23
72
16
60
8
14
35
2
49
91
70
69
56
26
28
40
67
58
35
24
42
81
88
58
23
79
13
90
73
78
42
15
18
49
3
95
40
45
62
92
36
42
36
65
72
92
39
57
64
66
6
94
37
45
36
71
90
49
48
29
65
50
63
57
85
16
38
30
38
72
47
15
38
69
50
30
6
90
78
70
62
80
55
50
77
34
15
98
50
91
20
56
31
53
5
31
94
32
23
22
33
35
69
80
89
27
62
35
51
13
3
6
94
75
93
98
62
54
11
97
41
60
100
94
95
38
100
9
40
58
54
93
30
60
91
82
4
62
19
95
10
34
79
1
84
90
82
78
75
77
20
29
95
9
12
85
58
61
52
58
30
10
93
68
76
18
6
95
77
32
78
67
48
79
86
27
98
85
90
22
20
33
20
62
48
28
20
92
77
14
51
67
73
47
46
19
10
92
78
10
79
97
80
35
22
25
22
73
49
14
13
74
40
19
23
29
100
70
80
15
93
25
40
22
6
41
28
74
20
53
3
66
47
12
84
40
31
21
43
98
58
93
20
27
7
21
72
40
69
30
41
87
87
27
81
14
84
51
48
68
11
3
37
5
82
68
19
89
15
84
23
37
9
10
88
22
61
71
50
69
67
62
48
59
56
82
74
52
11
27
87
20
25
42
24
11
96
68
4
54
43
97
99
47
32
89
87
69
83
10
73
65
45
4
82
39
9
77
36
83
62
89
41
3
92
39
48
58
35
64
65
59
83
88
17
78
32
57
10
74
75
34
43
56
3
79
22
23
87
26
74
19
29
80
12
32
6
49
98
75
95
87
65
11
27
50
12
65
3
73
57
32
50
58
73
15
67
97
84
49
27
4
8
49
15
88
35
60
21
95
54
83
98
1
85
64
16
72
73
48
67
90
37
8
93
59
1
53
29
2
68
63
74
96
75
4
84
69
43
2
60
97
20
49
48
95
52
63
48
49
73
99
21
52
1
7
26
56
26
70
69
97
68
23
45
88
94
85
92
42
25
48
75
99
87
84
24
80
38
80
70
26
84
45
31
40
41
87
58
68
76
52
8
31
37
66
68
17
3
41
12
61
5
89
43
37
19
95
52
10
87
16
66
37
73
48
98
52
21
33
37
11
3
13
83
28
57
84
3
42
54
41
28
56
13
24
99
64
70
75
67
18
33
6
55
62
98
6
97
75
41
7
18
87
54
99
31
68
81
83
92
80
57
24
33
10
49
9
6
93
58
43
66
49
42
35
32
53
95
47
54
36
51
72
47
22
87
99
81
67
53
22
87
11
19
17
37
92
5
90
10
99
12
28
88
48
62
72
63
55
20
41
48
66
78
91
99
25
83
28
47
43
74
35
65
44
98
5
54
26
5
50
73
19
73
43
76
13
97
82
18
76
34
92
63
92
51
96
65
43
26
34
63
72
32
56
6
6
48
84
97
18
9
6
67
19
27
44
63
63
39
10
100
28
5
85
17
61
33
18
86
61
16
34
6
49
73
41
12
55
48
53
24
34
63
24
83
23
37
97
67
79
35
9
81
87
59
36
58
62
25
98
98
55
88
26
53
76
81
18
44
38
83
67
39
83
64
40
21
96
36
57
96
77
9
40
36
2
5
26
20
45
29
94
27
7
57
76
48
1
73
39
90
84
42
4
11
45
68
30
56
58
62
59
17
60
56
88
91
33
29
64
26
75
84
41
57
59
11
32
71
43
16
73
32
38
6
27
65
66
13
48
91
49
82
24
49
76
7
33
32
34
82
80
78
7
19
87
5
18
20
83
18
39
39
77
62
100
40
50
34
17
48
100
11
84
16
23
1
54
34
36
5
92
38
70
28
83
66
45
73
83
89
91
24
75
70
18
46
44
91
29
3
83
48
89
63
44
99
89
100
55
43
63
36
57
53
78
10
1
76
37
66
83
58
26
41
83
93
90
79
81
70
40
48
79
39
2
78
65
83
46
31
82
11
47
37
28
6
92
16
17
24
26
27
88
99
43
27
64
49
92
79
58
3
28
47
59
25
74
18
24
15
67
11
80
99
58
69
52
47
22
17
40
74
35
4
99
65
43
10
32
58
2
79
61
4
96
98
56
59
85