8
35
54
79
37
43
44
56
33
99
10
26
92
97
36
94
2
53
94
22
40
45
95
54
82
51
70
27
77
57
45
10
38
3
47
69
61
46
4
14
70
65
51
38
54
79
93
45
60
48
25
92
1
84
11
16
77
13
1
57
79
87
72
96
45
80
18
31
76
4
6
81
89
55
86
49
24
58
2
90
90
57
38
72
89
20
43
59
95
39
96
35
30
79
43
37
25
49
73
68
27
34
76
28
85
89
7
32
29
9
74
87
41
60
94
8
43
88
85
88
14
1
37
17
59
42
6
100
68
56
82
56
5
56
81
40
28
67
44
57
88
58
94
65
1
25
31
97
68
71
81
66
74
36
57
68
24
71
64
45
63
37
44
23
72
71
13
64
42
50
63
5
69
98
77
25
1
51
13
82
6
87
25
69
54
48
68
36
16
5
100
52
69
3
7
24
53
5
3
58
74
12
88
27
99
46
20
80
71
34
45
97
86
98
92
37
57
52
65
62
13
44
40
68
86
25
38
77
26
14
52
63
42
74
56
81
33
62
72
87
13
76
9
92
22
67
68
39
34
23
29
74
49
82
76
82
89
21
45
93
36
6
91
23
14
19
12
55
2
24
27
95
29
3
16
10
16
21
1
72
38
60
93
20
96
11
72
52
98
73
61
36
93
92
43
2
61
93
68
72
19
90
18
54
79
9
14
9
98
9
40
42
99
17
71
85
73
10
25
76
39
96
2
28
76
85
65
99
76
87
69
63
82
32
76
100
58
55
62
15
54
38
80
94
45
34
48
92
87
65
54
64
80
71
48
28
3
23
21
61
75
60
34
81
70
83
81
34
96
15
63
24
32
19
15
95
28
16
33
53
46
34
44
38
65
70
23
40
59
87
89
57
23
26
5
15
47
42
59
68
6
32
46
2
69
22
99
76
47
81
34
74
31
14
60
8
14
36
16
41
81
21
97
14
75
1
21
36
68
20
33
59
41
21
25
18
43
47
73
21
5
95
37
19
27
33
44
17
54
92
58
96
71
26
91
68
70
38
25
41
34
15
95
74
53
11
16
3
79
75
95
24
83
94
58
7
44
73
62
7
35
29
79
50
86
16
45
47
33
72
86
57
12
17
5
80
10
92
20
20
62
22
36
18
89
87
32
78
61
52
85
48
79
57
13
53
11
93
100
73
32
100
40
72
81
36
60
69
34
72
92
90
58
76
71
79
52
38
61
1
64
42
3
27
60
59
85
48
16
75
23
5
88
97
27
53
13
20
80
59
17
33
22
56
74
58
59
25
15
94
85
93
75
48
1
20
79
67
53
72
88
30
71
80
39
19
90
88
8
88
37
66
64
39
86
28
37
20
8
42
85
28
39
22
80
36
36
89
26
46
21
6
52
62
9
42
68
43
47
59
24
97
12
67
83
33
62
16
32
97
28
22
56
15
98
27
89
39
34
56
34
52
57
42
63
81
76
31
72
90
6
15
71
17
20
23
25
61
28
59
42
56
66
88
39
98
63
12
3
70
7
22
10
13
82
94
89
30
88
15
18
10
73
74
95
31
33
92
55
13
28
66
4
86
67
16
44
93
35
58
8
51
3
98
29
75
47
6
49
89
7
89
6
45
100
27
25
87
6
68
78
96
82
43
16
71
89
77
67
10
99
92
30
34
1
45
23
15
46
5
91
69
100
77
86
46
66
81
68
82
86
80
98
18
22
33
45
29
86
90
4
61
63
44
74
65
70
38
95
37
60
67
29
12
76
95
12
92
67
44
53
3
57
6
64
97
15
58
52
66
13
68
20
98
46
10
42
79
3
15
80
33
72
3
85
92
60
39
16
86
13
24
67
42
1
90
48
50
38
96
92
94
85
42
27
42
34
63
81
9
73
49
83
98
4
17
54
20
96
39
96
42
2
20
73
77
56
79
88
23
51
62
56
37
4
10
70
26
80
21
76
87
97
92
72
68
34
74
97
72
2
98
57
73
60
85
1
6
18
70
91
94
55
35
54
84
72
15
80
60
47
72
79
73
35
50
100
64
5
12
52
60
89
98
34
69
50
3
86
76
81
37
46
61
32
70
57
89
4
69
90
30
60
37
6
34
66
21
11
22
53
65
49
16
10
45
20
84
18
84
34
6
20
44
44
43
15
97
70
24
75
20
51
49
63
74
97
9
40
55
95
95
82
6
68
93
10
12
55
36
5
100
11
94
57
59
30
60
17
31
53
1
64
67
24
18
31
72
35
99
35
64
62
22
97
88
30
12
53
88